[Gender]
sex-male = 0.491867712861268
sex-female = 0.508132287138729

[Race]
race-ethnicity-black = 0.116964166651562
race-ethnicity-hispanic = 0.143469006500544
race-ethnicity-white = 0.675706864800022
race-ethnicity-other = 0.000881799398084
race-ethnicity-asian = 0.052907029871786
race-ethnicity-native = 0.010071132778007

[Age]
age-1-years = 0.015604827032533
age-1-4-years = 0.0468144810976
age-5-14-years = 0.127530551801724
age-15-29-years = 0.209096567378554
age-30-44-years = 0.195727638701639
age-45-59-years = 0.201597156652187
age-60-74-years = 0.141766222523578
age-75-years = 0.061862554812185

[Symptoms]


[Conditions]




