[Gender]
sex-male = 0.4835994235943
sex-female = 0.516400576405699

[Race]
race-ethnicity-white = 0.577770355138462
race-ethnicity-hispanic = 0.165790268486016
race-ethnicity-black = 0.16375625575863
race-ethnicity-asian = 0.083135653479472
race-ethnicity-native = 0.008691383711505
race-ethnicity-other = 0.000856083425915

[Age]
age-1-years = 0.01536246615603
age-1-4-years = 0.046087398468089
age-5-14-years = 0.114611269862763
age-15-29-years = 0.213235812629491
age-30-44-years = 0.202551962493181
age-45-59-years = 0.204205176044076
age-60-74-years = 0.13987739661922
age-75-years = 0.064068517727151

[Symptoms]


[Conditions]




